4.311078481190908e-06
0.0015042627847716666
0.0030042144910621426
0.004504166197352618
0.006004117903643094
0.00750406960993357
0.009004021316224044
0.010503973022514521
0.012003924728804996
0.013503876435095472
0.015003828141385948
0.016503779847676425
0.0180037315539669
0.019503683260257376
0.021003634966547852
0.022503586672838326
0.024003538379128803
0.02550349008541928
0.027003441791709753
0.02850339349800023
0.030003345204290707
0.03150329691058119
0.033003248616871664
0.034503200323162134
0.03600315202945261
0.03750310373574309
0.039003055442033564
0.04050300714832404
0.04200295885461452
0.04350291056090499
0.045002862267195465
0.04650281397348594
0.04800276567977642
0.049502717386066895
0.05100266909235737
0.05250262079864785
0.05400257250493832
0.055502524211228796
0.05700247591751927
0.05850242762380975
0.060002379330100226
0.0615023310363907
0.06300228274268117
0.06450223444897164
0.06600218615526213
0.0675021378615526
0.06900208956784307
0.07050204127413355
0.07200199298042402
0.0735019446867145
0.07500189639300497
0.07650184809929546
0.07800179980558593
0.0795017515118764
0.08100170321816688
0.08250165492445735
0.08400160663074784
0.0855015583370383
0.08700151004332878
0.08850146174961926
0.09000141345590973
0.09150136516220021
0.09300131686849068
0.09450126857478117
0.09600122028107164
0.0975011719873621
0.09900112369365259
0.10050107539994306
0.10200102710623354
0.10350097881252401
0.1050009305188145
0.10650088222510497
0.10800083393139544
0.10950078563768592
0.11100073734397639
0.11250068905026687
0.11400064075655734
0.11550059246284781
0.1170005441691383
0.11850049587542877
0.12000044758171925
0.12150039928800972
0.1230003509943002
0.12450030270059068
0.12600025440688117
0.12750020611317164
0.1290001578194621
0.13050010952575258
0.13200006123204308
0.13350001293833355
0.13499996464462402
0.1364999163509145
0.13799986805720496
0.13949981976349546
0.14099977146978593
0.1424997231760764
0.14399967488236687
0.14549962658865734
0.14699957829494784
0.1484995300012383
0.14999948170752878
