0.0007670520235094624
0.002259211884627862
0.0037513717457462615
0.005243531606864661
0.0067356914679830605
0.00822785132910146
0.00972001119021986
0.01121217105133826
0.012704330912456659
0.014196490773575057
0.015688650634693456
0.017180810495811858
0.018672970356930257
0.020165130218048655
0.021657290079167058
0.023149449940285456
0.024641609801403855
0.026133769662522253
0.027625929523640652
0.029118089384759054
0.030610249245877453
0.032102409106995855
0.033594568968114254
0.03508672882923265
0.03657888869035105
0.03807104855146945
0.03956320841258785
0.04105536827370625
0.04254752813482465
0.04403968799594305
0.04553184785706145
0.04702400771817985
0.04851616757929825
0.050008327440416646
0.051500487301535045
0.05299264716265344
0.05448480702377184
0.05597696688489025
0.057469126746008646
0.058961286607127045
0.06045344646824544
0.06194560632936384
0.06343776619048225
0.06492992605160064
0.06642208591271904
0.06791424577383744
0.06940640563495584
0.07089856549607423
0.07239072535719264
0.07388288521831105
0.07537504507942944
0.07686720494054784
0.07835936480166623
0.07985152466278464
0.08134368452390303
0.08283584438502144
0.08432800424613984
0.08582016410725823
0.08731232396837664
0.08880448382949503
0.09029664369061344
0.09178880355173183
0.09328096341285023
0.09477312327396863
0.09626528313508703
0.09775744299620544
0.09924960285732383
0.10074176271844223
0.10223392257956063
0.10372608244067903
0.10521824230179742
0.10671040216291583
0.10820256202403422
0.10969472188515263
0.11118688174627103
0.11267904160738942
0.11417120146850783
0.11566336132962622
0.11715552119074463
0.11864768105186302
0.12013984091298142
0.12163200077409983
0.12312416063521822
0.12461632049633663
0.12610848035745503
0.12760064021857342
0.12909280007969182
0.1305849599408102
0.13207711980192863
0.13356927966304702
0.1350614395241654
0.13655359938528383
0.13804575924640222
0.1395379191075206
0.141030078968639
0.14252223882975742
0.14401439869087582
0.1455065585519942
0.14699871841311263
0.14849087827423102
0.1499830381353494
